#*********************************************************************
#Time step:0.050000 to time: 1.800000 steps: 36 node name: V(1
#*********************************************************************
0.050000 0.888862
0.100000 0.888864
0.150000 0.888866
0.200000 0.888868
0.250000 0.888870
0.300000 0.888872
0.350000 0.888874
0.400000 0.888876
0.450000 0.888877
0.500000 0.888879
0.550000 0.888881
0.600000 0.888883
0.650000 0.888885
0.700000 0.888887
0.750000 0.888889
0.800000 0.888891
0.850000 0.888893
0.900000 0.888895
0.950000 0.888897
1.000000 0.888899
1.050000 0.932453
1.100000 0.907427
1.150000 1.095423
1.200000 1.241827
1.250000 1.355838
1.300000 1.444621
1.350000 1.513758
1.400000 1.567593
1.450000 1.609511
1.500000 1.642149
1.550000 1.667559
1.600000 1.687340
1.650000 1.769346
1.700000 1.847939
1.750000 1.923874
