#*********************************************************************
#Time step:0.050000 to time: 1.800000 steps: 36 node name: v(5
#*********************************************************************
0.050000 2.000000
0.100000 2.000000
0.150000 2.000000
0.200000 2.000000
0.250000 2.000000
0.300000 2.000000
0.350000 2.000000
0.400000 2.000000
0.450000 2.000000
0.500000 2.000000
0.550000 2.000000
0.600000 2.000000
0.650000 2.000000
0.700000 2.000000
0.750000 2.000000
0.800000 2.000000
0.850000 2.000000
0.900000 2.000000
0.950000 2.000000
1.000000 2.000000
1.050000 2.663598
1.100000 3.180408
1.150000 3.582900
1.200000 3.896362
1.250000 4.140486
1.300000 4.330610
1.350000 4.478678
1.400000 4.593994
1.450000 4.683802
1.500000 4.753745
1.550000 4.808216
1.600000 4.850639
1.650000 4.883677
1.700000 4.909408
1.750000 4.929447
