#*********************************************************************
#Time step:0.050000 to time: 1.800000 steps: 36 node name: V(1
#*********************************************************************
0.050000 0.782288
0.100000 0.782288
0.150000 0.782288
0.200000 0.782288
0.250000 0.782288
0.300000 0.782288
0.350000 0.782288
0.400000 0.782288
0.450000 0.782288
0.500000 0.782288
0.550000 0.782288
0.600000 0.782288
0.650000 0.782288
0.700000 0.782288
0.750000 0.782288
0.800000 0.782288
0.850000 0.782288
0.900000 0.782288
0.950000 0.782288
1.000000 0.782288
1.050000 0.879127
1.100000 0.907386
1.150000 1.095383
1.200000 1.241786
1.250000 1.355797
1.300000 1.444581
1.350000 1.513717
1.400000 1.567552
1.450000 1.609471
1.500000 1.642109
1.550000 1.667519
1.600000 1.687300
1.650000 1.755984
1.700000 1.821255
1.750000 1.883868
