#*********************************************************************
#Time step:0.050000 to time: 1.800000 steps: 36 node name: V(2
#*********************************************************************
0.050000 2.476190
0.100000 2.476190
0.150000 2.476190
0.200000 2.476190
0.250000 2.476190
0.300000 2.476190
0.350000 2.476190
0.400000 2.476190
0.450000 2.476190
0.500000 2.476190
0.550000 2.476190
0.600000 2.476190
0.650000 2.476190
0.700000 2.476190
0.750000 2.476190
0.800000 2.476190
0.850000 2.476190
0.900000 2.476190
0.950000 2.476190
1.000000 2.476190
1.050000 4.092169
1.100000 5.561360
1.150000 5.963853
1.200000 6.277314
1.250000 6.521438
1.300000 6.711562
1.350000 6.859631
1.400000 6.974947
1.450000 7.064755
1.500000 7.134697
1.550000 7.189169
1.600000 7.231591
1.650000 7.026535
1.700000 6.814170
1.750000 6.596113
