#*********************************************************************
#Time step:0.050000 to time: 1.800000 steps: 36 node name: V(2
#*********************************************************************
0.050000 -0.029520
0.100000 -0.029520
0.150000 -0.029520
0.200000 -0.029520
0.250000 -0.029520
0.300000 -0.029520
0.350000 -0.029520
0.400000 -0.029520
0.450000 -0.029520
0.500000 -0.029520
0.550000 -0.029520
0.600000 -0.029520
0.650000 -0.029520
0.700000 -0.029520
0.750000 -0.029520
0.800000 -0.029520
0.850000 -0.029520
0.900000 -0.029520
0.950000 -0.029520
1.000000 -0.029520
1.050000 0.044726
1.100000 0.102537
1.150000 0.147550
1.200000 0.182596
1.250000 0.209878
1.300000 0.231114
1.350000 0.247642
1.400000 0.260503
1.450000 0.270509
1.500000 0.278290
1.550000 0.284339
1.600000 0.289039
1.650000 0.292688
1.700000 0.295520
1.750000 0.297714
