#*********************************************************************
#Time step:0.050000 to time: 1.800000 steps: 36 node name: V(1
#*********************************************************************
0.050000 0.782288
0.100000 0.782288
0.150000 0.782288
0.200000 0.782288
0.250000 0.782288
0.300000 0.782288
0.350000 0.782288
0.400000 0.782288
0.450000 0.782288
0.500000 0.782288
0.550000 0.782288
0.600000 0.782288
0.650000 0.782288
0.700000 0.782288
0.750000 0.782288
0.800000 0.782288
0.850000 0.782288
0.900000 0.782288
0.950000 0.782288
1.000000 0.782288
1.050000 1.092274
1.100000 1.333686
1.150000 1.521690
1.200000 1.668102
1.250000 1.782121
1.300000 1.870912
1.350000 1.940057
1.400000 1.993900
1.450000 2.035826
1.500000 2.068472
1.550000 2.093890
1.600000 2.113679
1.650000 2.129084
1.700000 2.141075
1.750000 2.150407
