#*********************************************************************
#Time step:0.050000 to time: 1.800000 steps: 36 node name: V(2
#*********************************************************************
0.050000 0.148103
0.100000 0.148106
0.150000 0.148109
0.200000 0.148113
0.250000 0.148116
0.300000 0.148119
0.350000 0.148123
0.400000 0.148126
0.450000 0.148129
0.500000 0.148132
0.550000 0.148136
0.600000 0.148139
0.650000 0.148142
0.700000 0.148146
0.750000 0.148149
0.800000 0.148152
0.850000 0.148155
0.900000 0.148159
0.950000 0.148162
1.000000 0.148165
1.050000 -0.221643
1.100000 -0.607894
1.150000 -0.562895
1.200000 -0.527863
1.250000 -0.500594
1.300000 -0.479371
1.350000 -0.462856
1.400000 -0.450008
1.450000 -0.440016
1.500000 -0.432248
1.550000 -0.426212
1.600000 -0.421526
1.650000 -0.306875
1.700000 -0.193040
1.750000 -0.079841
