#*********************************************************************
#Time step:0.050000 to time: 1.800000 steps: 36 node name: V(2
#*********************************************************************
0.050000 -0.029520
0.100000 -0.029520
0.150000 -0.029520
0.200000 -0.029520
0.250000 -0.029520
0.300000 -0.029520
0.350000 -0.029520
0.400000 -0.029520
0.450000 -0.029520
0.500000 -0.029520
0.550000 -0.029520
0.600000 -0.029520
0.650000 -0.029520
0.700000 -0.029520
0.750000 -0.029520
0.800000 -0.029520
0.850000 -0.029520
0.900000 -0.029520
0.950000 -0.029520
1.000000 -0.029520
1.050000 -0.310521
1.100000 -0.607962
1.150000 -0.562962
1.200000 -0.527930
1.250000 -0.500661
1.300000 -0.479438
1.350000 -0.462923
1.400000 -0.450076
1.450000 -0.440083
1.500000 -0.432315
1.550000 -0.426280
1.600000 -0.421593
1.650000 -0.329145
1.700000 -0.237513
1.750000 -0.146517
