#*********************************************************************
#Time step:0.050000 to time: 1.800000 steps: 36 node name: V(1
#*********************************************************************
0.050000 2.285714
0.100000 2.285714
0.150000 2.285714
0.200000 2.285714
0.250000 2.285714
0.300000 2.285714
0.350000 2.285714
0.400000 2.285714
0.450000 2.285714
0.500000 2.285714
0.550000 2.285714
0.600000 2.285714
0.650000 2.285714
0.700000 2.285714
0.750000 2.285714
0.800000 2.285714
0.850000 2.285714
0.900000 2.285714
0.950000 2.285714
1.000000 2.285714
1.050000 3.520741
1.100000 4.608979
1.150000 5.011472
1.200000 5.324933
1.250000 5.569057
1.300000 5.759181
1.350000 5.907250
1.400000 6.022566
1.450000 6.112374
1.500000 6.182316
1.550000 6.236788
1.600000 6.279210
1.650000 6.169392
1.700000 6.052265
1.750000 5.929447
